378.92981
388.593994
398.262543
407.935516
417.612885
427.294617
436.980774
446.671295
456.366211
466.065521
475.769196
485.477295
495.189758
504.906647
514.62793
524.353577
534.083557
543.817993
553.556824
563.300049
573.047668
582.799622
592.55603
602.316772
612.081909
621.851501
631.625427
641.403748
651.186462
660.973572
670.765076
680.560974
654.792297
664.599365
674.401245
684.197937
693.98938
703.775635
713.556641
723.33252
733.103088
742.86853
752.628723
762.383728
772.133484
781.878052
791.617432
801.351562
811.080505
820.80426
830.522766
840.236084
849.944153
859.647095
869.344788
879.037231
888.724487
898.406555
908.083374
917.755066
927.421448
937.082703
946.738708
956.389465
966.035095
975.675476
985.310608
994.940552
1004.56531
1014.18488
1023.79919
1033.40833
1043.01221
1052.61096
1062.20447
1071.79272
1081.37573
1090.95361
1100.52625
1110.09375
1119.65601
1129.21301
1138.76477
1148.3114
1157.85278
1167.38904
1176.91992
1186.4458
1195.96631
1205.48169
1214.99182
1224.4967
1233.99646
1243.49097
1252.98022
1262.46436
1252.77295
1262.74573
1272.71826
1282.69055
1292.66248
1302.63428
1312.60583
1322.57715
1332.5481
1342.51892
1352.4895
1362.45984
1372.42993
1382.39978
1392.36938
1402.33875
1412.30786
1422.27673
1432.24536
1442.21375
1452.18188
1462.1499
1472.11755
1482.08496
1492.05212
1502.01904
1511.98584
1521.95227
1531.91846
1541.88452
1551.85022
1561.81567
1571.78101
1581.74597
1591.71082
1601.67529
1611.63965
1621.60364
1631.5675
1641.53101
1651.49438
1661.45752
1671.42029
1681.38293
1691.34534
1701.30737
1711.26929
1721.23096
1731.19238
1741.15344
1751.11438
1761.07507
1771.03552
1780.99573
1790.95569
1800.91541
1810.87488
1820.83411
1830.79309
1840.75183
1850.71033
1860.66858
1870.62659
1871.7843
1868.96375
1879.02527
1889.08459
1899.14148
1909.19604
1919.24841
1929.29846
1939.34607
1949.39148
1959.43457
1969.47534
1979.51379
1989.55005
1999.58386
2009.61536
2019.64465
2029.67163
2039.69617
2049.71875
2059.73877
2069.75635
2079.77173
2089.78491
2099.79565
2109.8042
2119.8103
2129.81421
2139.81567
2149.81494
2159.81201
2169.80664
2179.79907
2189.78906
2199.77661
2209.76221
2219.74536
2229.72607
2239.70459
2249.68066
2259.65454
2269.62622
2279.59546
2289.5625
2299.5271
2309.4895
2319.44946
2329.40723
2339.36255
2349.31567
2359.2666
2369.21509
2379.16113
2389.10522
2399.04663
2408.98608
2418.9231
2428.85767
2438.79004
2448.71997
2458.64771
2468.57324
2478.49634
2488.41724
2498.33569
