400.0
409.38461538461536
418.7692307692308
428.15384615384613
437.53846153846155
446.9230769230769
456.3076923076923
465.6923076923077
475.0769230769231
484.46153846153845
493.8461538461538
503.2307692307692
512.6153846153846
522.0
531.3846153846154
540.7692307692307
550.1538461538462
559.5384615384615
568.9230769230769
578.3076923076924
587.6923076923076
597.0769230769231
606.4615384615385
615.8461538461538
625.2307692307693
634.6153846153846
644.0
653.3846153846154
662.7692307692307
672.1538461538462
681.5384615384615
690.9230769230769
700.3076923076924
709.6923076923076
719.0769230769231
728.4615384615385
737.8461538461538
747.2307692307693
756.6153846153846
766.0
775.3846153846154
784.7692307692307
794.1538461538462
803.5384615384615
812.9230769230769
822.3076923076924
831.6923076923076
841.0769230769231
850.4615384615385
859.8461538461538
869.2307692307693
878.6153846153846
888.0
897.3846153846154
906.7692307692307
916.1538461538462
925.5384615384615
934.9230769230769
944.3076923076923
953.6923076923077
963.0769230769231
972.4615384615385
981.8461538461538
991.2307692307693
1000.6153846153846
1010.0
