920.0
929.1618497109827
938.3236994219653
947.485549132948
956.6473988439307
965.8092485549133
974.971098265896
984.1329479768787
993.2947976878613
1002.4566473988439
1011.6184971098266
1020.7803468208092
1029.942196531792
1039.1040462427745
1048.2658959537573
1057.4277456647399
1066.5895953757226
1075.7514450867052
1084.9132947976877
1094.0751445086705
1103.2369942196533
1112.3988439306358
1121.5606936416184
1130.7225433526012
1139.8843930635837
1149.0462427745665
1158.208092485549
1167.3699421965318
1176.5317919075144
1185.6936416184972
1194.8554913294797
1204.0173410404625
1213.179190751445
1222.3410404624278
1231.5028901734104
1240.664739884393
1249.8265895953757
1258.9884393063585
1268.150289017341
1277.3121387283236
1286.4739884393064
1295.6358381502891
1304.7976878612717
1313.9595375722542
1323.121387283237
1332.2832369942196
1341.4450867052024
1350.606936416185
1359.7687861271677
1368.9306358381502
1378.092485549133
1387.2543352601156
1396.4161849710983
1405.578034682081
1414.7398843930637
1423.9017341040462
1433.0635838150288
1442.2254335260116
1451.3872832369943
1460.549132947977
1469.7109826589594
1478.8728323699422
1488.034682080925
1497.1965317919075
1506.35838150289
1515.5202312138729
1524.6820809248557
1533.8439306358382
1543.0057803468208
1552.1676300578033
1561.329479768786
1570.4913294797689
1579.6531791907514
1588.815028901734
1597.9768786127167
1607.1387283236995
1616.300578034682
1625.4624277456646
1634.6242774566474
1643.7861271676302
1652.9479768786127
1662.1098265895953
1671.271676300578
1680.4335260115608
1689.5953757225434
1698.757225433526
1707.9190751445087
1717.0809248554913
1726.242774566474
1735.4046242774566
1744.5664739884392
1753.728323699422
1762.8901734104047
1772.0520231213873
1781.2138728323698
1790.3757225433526
1799.5375722543354
1808.699421965318
1817.8612716763005
1827.0231213872833
1836.184971098266
1845.3468208092486
1854.5086705202311
1863.670520231214
1872.8323699421967
1881.9942196531792
1891.1560693641618
1900.3179190751443
1909.4797687861271
1918.64161849711
1927.8034682080925
1936.965317919075
1946.1271676300578
1955.2890173410406
1964.450867052023
1973.612716763006
1982.7745664739884
1991.936416184971
2001.0982658959538
2010.2601156069363
2019.421965317919
2028.5838150289017
2037.7456647398844
2046.907514450867
2056.06936416185
2065.231213872832
2074.393063583815
2083.5549132947976
2092.71676300578
2101.878612716763
2111.0404624277458
2120.2023121387283
2129.3641618497113
2138.5260115606934
2147.6878612716764
2156.849710982659
2166.0115606936415
2175.1734104046245
2184.3352601156066
2193.4971098265896
2202.658959537572
2211.8208092485547
2220.9826589595377
2230.1445086705203
2239.306358381503
2248.468208092486
2257.630057803468
2266.791907514451
2275.9537572254335
2285.115606936416
2294.277456647399
2303.4393063583816
2312.601156069364
2321.763005780347
2330.9248554913293
2340.0867052023123
2349.248554913295
2358.4104046242774
2367.5722543352604
2376.7341040462425
2385.8959537572255
2395.057803468208
2404.2196531791906
2413.3815028901736
2422.543352601156
2431.7052023121387
2440.8670520231217
2450.028901734104
2459.190751445087
2468.3526011560693
2477.514450867052
2486.676300578035
2495.8381502890174
2505.0
